-5641
-6737
2601
9606
-1728
2636
2601
-8672
-8158
1240
-5389
-4641
-4653
-8927
-2423
1768
5296
-7779
26
-5436
6227
1167
9681
542
5928
-9306
-3860
3885
-1315
4454
-5328
2035
-5032
-6517
2458
1285
9390
491
-8039
-4532
-7440
2620
-2629
-598
-1304
-7050
-7515
-9343
-5402
4666
4455
4945
-7084
-4428
8974
-5567
-1264
-6084
2876
-1888
-2085
1539
949
-4788
-1651
-2228
7420
-5357
-1045
-4071
5950
-8552
-1124
8136
1548
2808
-3047
-2883
9327
4397
8899
513
5623
-4653
-103
-3029
1525
-5239
-855
-865
-1847
-9190
2215
-7404
1598
-196
61
411
-6091
3065
546
252
8224
-3507
-7603
-989
2736
-241
-2549
-5157
336
-2124
-4880
3353
948
8943
-6933
1405
7404
9501
-6884
7732
-3363
641
394
-6142
-46
-2165
-3312
1534
-6897
5055
-5927
-5762
2502
7635
-7636
629
206
-3208
-3991
-3750
8881
7485
-492
-6294
-8476
6800
2961
-9007
6748
-6329
-3439
-3675
-5025
318
-8564
-3436
1113
-7167
5840
2047
-5680
-8531
696
-9722
-1894
-7662
-4800
-4698
-4786
-1669
2008
-2463
5624
3889
3800
-3747
-1263
2333
-8013
2863
5294
-1747
-2513
-1543
-8201
-6791
6196
-1966
-5925
-2938
-1086
-4059
7170
-1718
2376
1309
-2813
-2127
3890
9503
-9000
6688
547
-2856
-401
-6280
-9244
-9095
2113
-5923
5499
-7008
1608
2968
-6145
6297
2189
2265
5706
1668
7904
-2943
-9967
-2023
-596
-6177
4017
8041
-5271
9178
-4790
-7833
-5516
-9010
8592
-7640
7132
-2118
9695
-3802
3166
-1543
7951
-7637
-140
1808
-9816
12
-7863
1096
-4360
-1357
-8272
9787
-1822
1538
-6474
9845
698
-9963
-8684
-9005
1423
-3609
1802
3791
7751
1016
-4311
7711
-7343
365
-7377
-1286
-6025
3576
-8488
4732
-2445
-1606
-4845
-4340
-6461
678
275
-740
6752
9704
1255
-7855
-6165
-5370
-5171
-8731
-4183
-7802
-1694
4457
-2959
-5744
28
-5650
-1757
-5899
-2340
8741
-9924
-8528
-834
-9563
4231
2699
-6029
-8498
-7338
-7194
-6127
-1780
-8751
2484
-7543
-2818
7790
2470
-2950
4983
-8991
-692
-6972
-9755
-7114
-3464
511
-7856
-6691
6726
-5331
7557
-1531
-7494
-7283
-8108
-9427
-1656
2225
-9642
-169
-1095
5683
8147
8189
4044
-9949
-6237
-8440
-5252
-8476
-2445
9567
1601
-4712
-3701
-3651
7321
-9671
-3059
-1497
-9976
9258
6528
2172
5374
429
-1969
-2035
440
-4458
-4756
-2418
-2135
8927
-744
-3186
-6213
7869
-4185
-1212
-1264
2932
1439
618
-114
-217
-2654
-6865
-2309
8274
-1139
2727
5476
-3749
2144
-7322
388
-2138
-706
-2258
8260
-1240
5367
324
9118
2430
-9499
-4311
9734
-3808
-4845
7752
9483
8784
5061
-5685
-2566
-4041
6004
-877
-6268
-6798
-1544
-4088
-6815
-5848
-3989
-6643
-9899
-8288
2091
6104
-9230
-1296
6752
-127
-9058
-9383
-4896
-8360
-7625
-5486
-4049
6908
8116
6657
-1653
1834
1677
2481
7239
-3470
7614
2337
-9451
1776
1256
8985
-5142
-7783
-8552
8739
-5667
1972
6636
343
3312
-84
9395
-2026
2258
-253
6357
-2916
1955
-3415
-3693
-272
7194
2605
-8560
1694
-8860
-3948
-7952
199
-2994
-472
-9120
4919
-9468
-5326
-3626
-4233
-9029
-7478
-6854
8931
4076
-5682
3845
1823
9890
-3886
6024
1830
343
7287
-3727
-3228
-8231
9855
778
-9308
-1549
7488
5826
9676
4585
7703
-3215
872
-5533
-9218
4598
5220
4622
-2975
-4414
638
-9569
1582
6970
-2149
-9798
-3828
2649
-9639
-2126
1389
3541
-6140
-6254
5062
675
3021
-8805
5278
2749
-6280
-7377
7557
-445
-7787
1517
776
7456
-4878
-5058
-2526
5102
847
-5584
-2379
-8004
1809
-8640
-7463
-1105
-8197
-803
5908
-281
5434
5227
3499
740
-4096
-6874
-5961
-4536
883
-9113
-5860
2239
-3705
-6644
-8778
-8708
-3671
-9678
4117
837
4157
2118
2986
-7309
2283
-9731
2690
5426
-1035
-4223
-9197
1424
-1235
-1875
1461
-1420
1317
-3494
-9741
-8372
-218
8955
-3711
-724
1380
2309
4401
1299
-7470
660
6529
560
7154
-4182
2870
1669
-6544
-9127
-5937
-8469
1104
-4733
5139
-8649
-6043
-5216
-9267
3195
-5085
2560
601
-9489
-9833
-5935
-8897
7570
-2282
291
-5536
-2324
7475
6282
9774
-8266
-9899
-8156
-127
6556
9576
-5220
-6585
-3807
2227
-7858
8155
5508
-3286
-2644
2426
514
-5660
-6208
-9166
-837
6320
-6733
3932
954
-9693
-2899
-7029
-529
3285
93
-59
-2945
2478
2716
-5998
1055
-9509
-3826
-9773
-4676
-9979
-1239
-9036
447
36
-8808
-9627
6159
-6321
-3870
-4795
-360
887
9575
6688
-9814
2293
7658
-3876
741
-5087
-7339
-3090
-7692
-4251
-4998
-2862
6647
-5583
6902
538
1765
1392
-165
7622
6033
-4709
-9618
-5035
-83
-3764
621
8763
-1620
-650
1973
-460
-9811
-8429
-765
-2471
1621
-2626
7130
1584
1275
-7710
-1307
-1432
3658
1330
-1379
1413
-1949
9691
-2035
-1480
-7327
6679
-9484
-2381
-8735
-5469
-2102
2268
-3167
19
-3513
-9088
5576
5253
-8543
2666
8327
-8717
4308
-2412
-865
-5235
-2170
-2243
194
-4890
-6581
-1829
-9122
-9746
-4665
-237
-8680
-8768
1459
8007
-619
4764
-3518
-8881
2527
-5960
2339
-4213
-2107
-5869
137
-5576
2084
-9910
-7958
-6591
-9243
-8786
-7355
6040
-2329
-299
-6808
9925
-3361
401
-7983
-6210
-8228
-8418
-3725
-3176
2064
-2113
-9989
2589
-2004
-1844
-9741
4638
-1621
-1787
9606
-1366
-9805
5610
-5851
-5280
-2057
-2803
2954
-606
-9184
-8120
3036
-8725
-4116
2828
-1262
5986
-8393
-9575
-3237
-4209
-422
1301
-8291
-5875
4626
1943
-7523
-5504
-3101
-7741
382
234
-6724
4187
-4051
-711
-7812
-8045
925
3970
2133
1253
-3218
-3852
-1136
-6713
7508
6374
-3823
-3942
-8235
-2349
-5348
-1148
-1774
584
-2888
2272
2730
-2118
-8684
1941
5339
-3971
-7513
-9468
-8502
371
-3620
-3290
-3387
-2207
-7026
-9738
2536
-6039
-7248
5674
6525
9619
2449
9607
6087
1709
-4131
-3627
-6976
3157
5159
-79
-2047
1108
-9114
2147
9699
-8691
-3235
-5041
-3644
-522
3104
-3633
5196
9063
-300
-287
4368
2385
8886
8637
3574
-4975
2399
-7734
506
-2780
-186
-9391
-9776
-8483
-2682
2961
2124
-1259
-5439
2517
3807
4930
6661
7843
2050
-8085
-5361
-9417
-5800
-2149
-2482
-2288
7855
-1579
1065
-5496
-8441
-7929
-5917
-3639
-9930
